[gd_scene load_steps=15 format=3 uid="uid://bp6bpuvjroqbp"]

[ext_resource type="PackedScene" uid="uid://dujdkmmndwmdk" path="res://Player/Player.tscn" id="1_lnb57"]
[ext_resource type="PackedScene" uid="uid://cd8t5107s5nyj" path="res://Enemy/Scenes/Enemy.tscn" id="2_bmey0"]
[ext_resource type="PackedScene" uid="uid://6dp4xi54ukl4" path="res://assets/Tree2/tree_2.tscn" id="2_wleop"]
[ext_resource type="PackedScene" uid="uid://gs45b4n36wre" path="res://assets/Tree1/tree_1.tscn" id="3_18h41"]
[ext_resource type="PackedScene" uid="uid://blct5844576j8" path="res://UpgradeCrate/upgrade_crate.tscn" id="3_w6sm3"]
[ext_resource type="PackedScene" uid="uid://5g0umkbx4ril" path="res://Weapons/PoopNuke/poop_nuke.tscn" id="4_tkn1w"]

[sub_resource type="Gradient" id="Gradient_gm5hy"]
colors = PackedColorArray(0.384314, 0.227451, 0.0352941, 1, 0.529412, 0.756863, 0, 1)

[sub_resource type="FastNoiseLite" id="FastNoiseLite_kqit3"]

[sub_resource type="NoiseTexture2D" id="NoiseTexture2D_jp5hl"]
width = 1024
height = 1024
color_ramp = SubResource("Gradient_gm5hy")
noise = SubResource("FastNoiseLite_kqit3")

[sub_resource type="StandardMaterial3D" id="StandardMaterial3D_5n3ci"]
albedo_texture = SubResource("NoiseTexture2D_jp5hl")

[sub_resource type="BoxShape3D" id="BoxShape3D_8dtfu"]
size = Vector3(20, 0.5, 20)

[sub_resource type="ProceduralSkyMaterial" id="ProceduralSkyMaterial_x27qu"]
sky_top_color = Color(0.00613691, 0.325954, 0.526178, 1)
sky_horizon_color = Color(0.841372, 0.822232, 0.810305, 1)
sky_energy_multiplier = 2.5
sun_curve = 0.409812

[sub_resource type="Sky" id="Sky_40c1y"]
sky_material = SubResource("ProceduralSkyMaterial_x27qu")

[sub_resource type="Environment" id="Environment_rqbff"]
background_mode = 2
sky = SubResource("Sky_40c1y")
ssr_enabled = true
ssao_enabled = true
sdfgi_enabled = true
glow_enabled = true

[node name="Debug" type="Node3D"]

[node name="Player" parent="." groups=["Player"] instance=ExtResource("1_lnb57")]
unique_name_in_owner = true

[node name="StaticBody3D" type="StaticBody3D" parent="."]

[node name="Floor" type="CSGBox3D" parent="StaticBody3D"]
size = Vector3(20, 0.5, 20)
material = SubResource("StandardMaterial3D_5n3ci")

[node name="CollisionShape3D" type="CollisionShape3D" parent="StaticBody3D"]
shape = SubResource("BoxShape3D_8dtfu")

[node name="Tree2" parent="StaticBody3D" instance=ExtResource("2_wleop")]
transform = Transform3D(0.390667, 0, 0.920532, 0, 1, 0, -0.920532, 0, 0.390667, -0.0423748, 0.25, 2.94797)

[node name="Tree3" parent="StaticBody3D" instance=ExtResource("2_wleop")]
transform = Transform3D(0.286976, 0, 0.957938, 0, 1, 0, -0.957938, 0, 0.286976, 3.14274, 0.25, 1.15643)

[node name="Tree1" parent="StaticBody3D" instance=ExtResource("3_18h41")]
transform = Transform3D(0.685386, 0, -0.72818, 0, 1, 0, 0.72818, 0, 0.685386, -1.85838, 0.25, 3.81007)

[node name="Tree4" parent="StaticBody3D" instance=ExtResource("3_18h41")]
transform = Transform3D(1, 0, 0, 0, 1, 0, 0, 0, 1, 1.90313, 0.25, 3.55303)

[node name="Tree5" parent="StaticBody3D" instance=ExtResource("3_18h41")]
transform = Transform3D(0.7975, 0, 0.603319, 0, 1, 0, -0.603319, 0, 0.7975, 3.93472, 0.25, 3.33517)

[node name="Enemy" parent="." instance=ExtResource("2_bmey0")]
transform = Transform3D(0.2, 0, 0, 0, 0.2, 0, 0, 0, 0.2, 1.65017, 0.227323, 0)

[node name="DirectionalLight3D" type="DirectionalLight3D" parent="."]
transform = Transform3D(1, 0, 0, 0, 0.747311, 0.664474, 0, -0.664474, 0.747311, 0, 3.65009, 0)
light_color = Color(0.980392, 1, 0.572549, 1)
light_energy = 1.5
light_bake_mode = 1
shadow_enabled = true

[node name="UpgradeCrate" parent="." instance=ExtResource("3_w6sm3")]
transform = Transform3D(1, 0, 0, 0, 1, 0, 0, 0, 1, -3.20304, 0.25, 1.33828)
ContainedWeapon = ExtResource("4_tkn1w")

[node name="WorldEnvironment" type="WorldEnvironment" parent="."]
environment = SubResource("Environment_rqbff")
